839
1516856779
1155724185
1508442762
578306408
335888036
398968110
227098421
1993868767
1981395992
1901609577
23251866
1678028027
1369363007
366325773
2024764629
1492447628
0
1307934385
1784960986
0
1932430079
194345982
967377246
1841881727
1928396352
0
1492897154
602567227
461684407
1537715525
319867950
1653262604
456901299
2128852153
0
1813110155
2133364863
0
35217822
1609664148
1545914072
1619368225
13875033
0
214467660
2046235341
1095017869
0
14407171
1697504481
238487577
634257624
936962375
1620593205
1082959046
1968718156
328714707
0
1978087282
1935500491
1800997543
1479449381
870328870
1166787159
0
1739066489
1832319738
231674971
1128751575
586126317
2051856638
254027276
0
1510235570
1249532250
0
809165268
150187389
3979438
1602387412
286238960
818104954
0
582004816
74693140
5143709
533500149
286439308
0
0
1727243250
1682316915
813850244
1895708405
0
0
934100584
1741346898
15594074
430314395
1448548772
0
241153838
67776111
820761184
512164290
1784625810
252926243
0
796415093
987339981
109095959
0
2121489081
360038114
0
1390347884
347800341
1445676126
805309100
1398427712
0
0
0
138831191
389806573
954511966
2078212639
963396544
1784658849
1301874801
0
0
986512645
402467054
0
1701490872
216849938
0
410138051
993482404
1686112901
540384422
632519911
0
1355474633
693798530
1979806560
0
848917726
1193520469
1398438687
1204572560
81847042
1720312529
1836236883
1197658948
1303365270
1560560550
1867141559
0
325820633
0
2086713843
733413420
706068821
1079169205
1513749287
1790966019
1029177834
1184946530
71621816
689584503
193844029
1712733230
1903912727
809345976
269674953
1285488137
408356603
545432996
0
285793493
1219798311
45031579
1790100738
1223821138
0
268072244
576061485
361612949
867757612
1663793787
0
1245973425
0
1029849799
699906406
604244549
1155309679
1650354624
1954940210
0
0
320802044
917538886
1983149397
461703879
1075421128
645996897
824728146
1582951347
340849444
34605893
1105807021
419990292
0
96323225
2089613002
1905277272
1729703868
1850285854
1498795494
461297959
1176471008
1320466433
601101754
1731646200
1150551980
2052710606
1211628454
1766469399
36892360
933241930
1666272185
0
0
1986994437
2109467973
1963876719
141926099
0
172590665
1392416227
824776175
363059389
2039727293
485018647
274757219
1191551234
1908376793
1135182024
1248285940
592836398
440233581
0
485282912
101466569
1568379377
760804571
0
136719206
1506227630
884037487
936462544
849239193
0
1429562939
145423564
1504282109
1506329262
899954263
0
0
0
0
1924321476
655904773
1448421366
2139062551
1212531152
1351931129
0
578949075
1201175292
0
265453006
37462023
1669274435
803754938
464529258
1453758443
618014820
1579102278
2048802317
786774983
1825383376
2033839081
425724161
43982403
282036380
0
1430637045
1302452279
15543723
1655967233
94720961
782811032
458759468
1676028853
1001531205
44725495
1068855200
1832330009
1909423626
1335912171
113727644
1923717173
0
1817232300
1602474928
1584669138
440246834
1141917819
554580900
467327789
2048770125
0
775734960
1510325306
68546409
932731131
946913476
2009802126
0
1388234132
1214004520
698920153
1224903714
2050123400
0
1349202613
1397304565
0
238387896
0
1401429970
481885403
1305893788
1874785413
1117911230
0
853875720
0
1570556874
1640768072
746166852
147052797
6036574
0
2062522387
175730522
1789086314
719927720
64644508
325799550
1615018893
717802508
1053613528
1464690945
874289898
1397395744
929276300
632421469
1720513854
1671938100
270570776
957313042
612507874
762314512
1142714860
1192792262
1637455062
1506113519
1440058408
0
1355241482
1560201963
690998932
664084173
0
787309471
1588339667
0
594441602
262604544
1674594591
1805666949
165818774
1896503719
171573176
1656797473
23600762
1576067144
0
940511118
619447109
2123643919
720876483
849758001
1076920898
0
0
1704200909
1862981854
161105967
1456897395
1622635730
1492230602
82239043
1092976116
427865805
1824744406
1664678031
1591483560
1475481929
1150917058
1185532024
169506183
31452614
1652402957
1271572447
1492391259
150011738
1784361185
1652946939
0
58578622
833704110
60223916
999746707
2046650498
902742202
1976184371
739594668
0
1989913221
1468175775
235511800
2078257601
1595411458
0
0
565280925
1847385958
0
562680736
1355967609
1441223481
1429908856
776265916
0
1415889262
412846260
228924963
134048626
1885940306
1207390875
0
1516486110
1553637125
1218743788
0
2011355962
837185297
1070890539
108514580
0
247595390
421220631
619645800
415654658
0
883773584
901186164
1820222477
885248486
0
2029621139
989992657
817172026
277179611
817790255
2126850014
1494861542
1855505836
1492574664
1791244642
1294076513
764511619
1346238860
0
0
533250967
808781435
1262728249
543043394
0
539680044
871218494
1606480181
1504811263
2128764920
200272705
0
354824048
339414996
1563551845
0
360604527
139204843
330837097
0
15788448
352633092
456480965
417904550
298510244
334324667
0
52700841
1577893571
1084129900
802333317
1575588558
1778696532
1451227371
968990642
1814684618
1978438400
1039614716
1972290278
19883878
1114672439
903819440
976526066
90710258
1707121291
0
1165637653
1279458374
0
2011401651
215091553
324772026
2118751075
415137364
1556033045
406579910
0
675049707
2062354346
1238986474
36498587
1937519396
0
842784054
1272592743
740188424
566389281
1552093825
934657584
258190396
84025469
0
1059466855
833566984
1025133449
674438689
476683283
766709212
1829188485
577645373
1171640359
568069296
886104906
1800832194
0
1125722311
1837951398
1491313518
0
197495347
1682995281
1570326417
1312583883
605096572
0
1420199886
1072795548
1511507352
639745825
1044679890
1027295795
1401342492
688091629
1682678261
1615494236
492352040
1537435825
2014739089
340683040
1192059220
724369461
1244149662
338440695
845821299
2033305673
1303613066
106427331
0
363146877
0
1492533615
631641016
63384225
1355495410
0
1115880127
1929441774
374794030
0
0
1578007649
459284250
0
1091381356
1360737581
950883958
1527656359
780554875
1851890402
196281026
628100459
0
0
0
34501844
1390274299
424994834
1639677202
472554304
163843895
1852884293
677382038
0
559637643
632912626
2138650474
170683555
1901762252
1266213702
262506205
1545003212
46416904
582882065
1836974434
1538065488
2120710292
0
1497388822
1062075972
407245992
1273722689
256957865
1931662832
0
1725967429
1661944238
1750817375
23662096
555983489
2018509714
491115779
1438867295
0
1684726270
0
1821353107
0
456824874
1492707432
934321455
1681647837
1842396518
1652127407
1797022240
1560279713
0
0
628947356
958911310
119922421
0
1063094784
1303966634
79077362
0
0
918373342
446737766
1192230732
1103362368
0
952191906
1040366355
561127039
1573963117
1953832366
0
15951536
1053373977
1796160586
0
0
1151532806
569095309
0
1171634424
237304585
963663665
886580075
192169148
2058270382
1086579829
46743223
168728560
197174001
729300362
2061516491
1885061996
1448905973
21082982
2116451791
883003768
153429497
1043436562
505607555
1464375159
2128999405
391222958
820215631
1735300240
926405825
0
0
0
1978480718
632206757
1455294967
608716744
891876490
660437050
1129282131
0
1586340133
785464509
210925935
674213736
0
1149421554
423483920
1717591180
420987286
1326201141
373157876
0
1182475153
1015407985
663510563
0
606913078
1048288093
1398753991
561389987
525473097
0
1502385283
2120549351
0
766251654
1088768924
954834344
1627390033
555426418
177249904
316046404
136010517
2004496326
0
1789918064
1281865217
0
2033558291
1934004679
0
791816598
275839359
1642696248
157991137
1983175570
58643744
0
454788590
2066578446
0
1705121955
1612917577
934459922
2016889832
775277676
660712254
2059264558
828073444
1375336328
1531096042
1597469818
0
32777268
965409653
1192770093
0
1492782344
1351272842
1820775658
836624819
0
1826772702
939943166
662898367
2128216867
216794225
0
792972843
1872925892
0
0
0
830467304
835596945
2022972658
275926112
1608347932
907229541
0
1432459135
0
1171453034
1152851833
561560219
620384588
2111979453
0
1809605935
813683232
1536891761
1573552802
1921372219
795676940
0
1615038814
253806215
307878227
1315626281
10167514
555389872
249492292
230164661
62322014
1771451775
1426103040
1238912065
1408112266
1235693739
1637795207
0
0
369755188
2143337795
1443316170
1197690010
1118074659
1998740991
0
616691070
0
0
0
52001330
936912827
0
181284774
2104650989
0
0
0
1850788802
1801875147
2134251724
952302181
0
1476334351
1374688344
1137933433
1261296402
1933658595
854517020
1619211453
1522506918
78766527
1915869163
133508265
75898498
1826589123
1501489655
1039301621
768245814
170518159
73575136
1747369874
1272156058
1415997835
0
835006765
568024261
1771818364
535460448
0
853129042
1892876819
1755612524
798281429
0
1616354444
984617680
824982650
499571970
1436275523
800150815
936468837
373039741
2077037927
139078704
460250177
904468178
1650424987
0
1791160997
820176877
1933966607
871297867
619967377
1878299298
962210739
873863999
879947069
1683798814
790283255
1021583768
0
1487772666
451126840
0
1268018373
625535526
712289220
855631283
1670231177
1342848905
1931042851
106533828
129809078
0
1726414156
1001697616
430141673
1021367162
1558587099
0
1980818102
1150152294
858856487
65434320
1832773297
1052031666
1231557923
87396927
1114096158
2047155693
328961343
