875
1057858516
1231874387
1163525910
1799337199
659693990
468061647
1052381966
2017256997
1354793256
363795179
640720864
1592469005
2043954906
2107050011
522126468
1460537743
225474976
1360724515
786159168
1137867605
1883027966
120908943
922743762
1492781811
368439768
502456951
350826352
365215027
998467098
699961033
1273128318
546347709
837158778
2115737887
1780226198
1340743969
964806352
766243479
885499954
0
1032974208
910113455
443235608
1831448317
1037042412
1129782841
1833113308
186001959
1053916764
987021301
1155021996
267376607
95961480
2040748327
506385108
2110096213
2143764374
1981552865
1093147688
20852395
8913516
359277481
1778334490
1644871429
1279465524
1087890511
1604168474
46860995
1886129530
241816939
870144494
470073013
714550660
1977462105
236009750
1289135219
1734910384
1742711609
1800809574
151050017
378724142
579289249
19912500
1640571619
908549562
115952903
1784960288
278119329
1935234170
1580064289
1967334540
1241683917
1928285704
211921545
973998298
966733823
1191287458
1841073619
1080156268
908561113
331158730
812021213
1181422884
553363373
1301297724
350818971
0
53968429
1595253938
763997479
719693214
566479399
0
1662807181
1452534056
1793657823
1929005884
1856509709
1389709390
1589786079
1062169990
1463965843
584880460
458397401
1469689126
335910697
708099060
966922611
1220443918
1609857097
0
1665577615
1821528802
1987637421
895734430
224016205
45585132
1917945671
2140254784
1267770627
1021817574
667495537
1979673678
1612907565
1946929544
58122469
207310760
1435871245
904737164
596029689
924610672
723421161
1462771338
1285300723
448391320
1267827627
0
1932943265
304748976
0
2031258656
1506100333
148417348
500797375
905934228
1635106283
987609424
1425752131
1719217912
1466485299
367342646
892067387
1177347270
1748253227
1621531512
487170701
1925707318
89100571
1114741862
2142738213
95984086
494360505
216485572
806747081
1390349982
1194774055
1288780892
793937107
1037098046
1845913849
1387454528
149653145
1764189028
1026074523
2112534716
1029054715
364071460
169676217
671273798
585948309
12450304
1736869801
679387572
281050827
1852730850
1809665087
753683440
2055070189
1289796260
1440283159
135035372
710759635
1033929726
879228333
428257484
103278979
1603121574
1890160111
1197346714
2108665755
1253943114
1609701913
1134880236
1173420477
1268096752
2101422247
78314284
1773066975
715265102
124845677
1474220612
1914629743
1091902128
352105777
476581162
955192229
237499648
1625986149
1512507336
1199853105
0
1785553701
998027916
1693374163
690290460
1332747497
300047972
1055649875
1604643910
1725455169
1450980341
1855757212
1533144329
1922636850
299480349
1597144104
41752771
1988576464
185951783
1388600434
561999779
1086286820
795243989
671381932
2122635061
244643822
1604977141
1573356262
1721295105
278583960
910287097
1302949994
2131254941
902730654
1618201513
1394295176
1966764045
1783406378
790711185
487927648
1109145473
1584961290
1752669201
1108018662
1045627103
1221313756
1213290225
1060047610
0
1509665812
1568660655
1641384256
1225105775
1266522728
474749397
351323898
7039435
1907696108
225179803
1774119498
1059668593
1274896856
1839412561
1537917202
90631831
807878564
1679346915
1868060360
1288456493
0
1564335055
1367598596
1845157179
462446278
1201156853
2043810188
318927969
1572062420
2070717183
864058912
2126413939
119437948
248691761
891961288
58463425
1328261950
222036015
1709301768
1439688449
588685512
871331087
2063159580
873917461
1379521894
1557711285
573536884
1732764631
460615390
1198756495
2005584112
821555899
1771578478
1747376069
1214032192
82545411
699738538
1551981103
342197322
69617679
800937890
1166983307
215911342
1828347817
286535538
44331821
1045949332
733803171
450011140
985656379
1493444258
2061878935
1001188038
2106338357
2102060948
1700999999
2135128568
695023425
439885758
1344663519
2043442570
1845385209
905975710
977206949
484456820
1638126271
1352883566
1938738213
1113266772
1617753831
1912759872
626890949
812580750
1436899371
1955130240
1090429831
560415064
167385787
1145614744
364749771
1398285364
1908242313
2031410072
1170121235
1708051686
1706078979
1606619452
2036326033
1395032092
1198156563
1214535216
820177075
1122401582
321150053
129081866
1736468815
661752238
519045523
1833142252
1367352781
1301369966
1965744259
241268298
1049553259
997431184
1911028577
1219264134
1531465357
1843095200
730253737
519213194
27782937
1583952768
1921868619
1723173062
1171329789
1669234942
1687581287
1789544834
175203989
352890744
1089260203
1272112502
1943637477
193008472
0
170043228
1499574809
1360342098
1675394645
459176688
118153235
561557018
536133821
0
1966459133
433844646
517098823
1345134398
207782065
701604242
1561992003
410686004
1225018789
13810396
1306769003
1795169858
727041729
434416162
1945454405
477131280
1028252669
2119188886
1445562679
583385904
1625133235
45742418
120775117
834861614
101506595
622972828
977190241
846467772
742728751
1106169944
837917829
1388181892
660569313
1659093782
1960349481
866029244
1564244709
1376867262
826734663
332957762
1849590255
657379840
1086699297
664655888
1091194817
1943478802
1576034073
156287626
226679397
1113459424
1616056223
858641872
844097683
1590117678
594461633
829418496
1450350101
1435815084
609612361
1305460406
1470140835
200880742
1500460197
1533133500
2001962567
1958564134
1813221725
609243456
1279389227
946953192
1129924959
2031718544
1881207561
410393346
264446773
208058260
300508123
1225321074
761241467
414533712
40258091
1013029170
0
1785376652
1112989789
1359460138
604973855
1655297838
605176633
969618586
1674818261
587786068
2075447903
0
1594254701
1727616176
1053596985
267712570
0
1165384772
1835050365
0
1227523539
1504644012
0
1877032516
0
553063396
999611791
1813534462
31556707
1126347310
961294879
1331408500
1291110759
1644094878
1875066013
1298984872
247157041
2035908862
1485225971
1956216344
323330171
299438368
106141453
748150866
359982591
314700206
768864903
1278569320
662028427
0
1653892141
700336228
0
1832556902
564647741
707664946
1002687417
1679499058
1614162123
2026645262
0
0
1335687813
780105614
1692306081
0
0
1789261608
1301872703
1298398310
523476987
393948760
1374600767
0
1333135207
75784304
1459094683
1927775494
1254024277
0
900214925
627863066
1036110261
1588046496
0
1505127382
0
267537622
85953495
1809148754
0
1410249102
1780928967
1611415920
0
1502410526
2099973513
1547909276
1272835921
38718466
1935040095
865186272
113764031
1301739356
1885084531
2105646478
436562627
470450804
2009178047
0
544021949
0
733189715
1911295372
1405475171
73545388
1141839575
217587776
1305345481
1613740070
873000355
406239762
0
523287274
1138523653
0
1852625029
1759434658
0
0
825544817
1333122164
927381757
502854146
1941701003
1194504212
1990984815
808620380
1309982827
104031618
1019145507
1529430700
733994557
293550530
204401583
1940800292
1736260991
929258618
768902891
812742704
0
1472116086
114031557
1218436086
758423197
2116705210
153471639
1276322604
2087972803
1794217500
0
113791056
1376270479
931150306
0
1674325168
910109469
1293518380
247656877
1187312322
725145447
0
2134337723
0
188974205
1463942798
1877573123
742677348
468666081
1401905030
0
1979351712
1921683163
1780627036
1338368965
1623595980
1242112447
832127762
1028168393
1197753892
0
1929390984
567421915
1625803208
468939965
750924296
1274843289
859536126
1702711867
1130671614
0
1415521624
604276645
85537136
1840327617
1426792438
801804095
1754392354
0
186942554
201202223
967541120
2002349315
1271948956
659461275
782201288
905170937
484844882
1595841677
1787756820
272489
1673136036
676597903
0
189724022
840262045
397260484
768011957
1228679510
291954041
494340616
1607150561
0
0
1557360104
1659049521
0
91885857
176849814
0
0
1437690333
449444846
800008345
0
0
0
1380321935
0
705104205
963358178
1144797355
2128903616
440570599
0
0
1518482558
661484915
417268044
0
658153560
916286773
924581448
1437391427
1861621220
1851521863
565353544
1833559809
1828544368
2107916165
657326154
0
157014420
0
0
1411733229
0
1487711671
0
0
1056869014
0
1389645018
213241499
0
1128870821
753656626
1411057535
0
0
1717494610
332875511
1368112392
1784685343
1141901450
1958559255
41021784
1870791447
0
1152023113
665896538
0
1936184310
2034023445
819277284
0
1070175036
451748251
0
0
1236622724
663717263
372466344
194464219
489560978
1628328195
1900465860
0
1140339890
251287697
370658600
696573325
1749768020
0
0
1393506643
0
0
2054241264
1837618535
0
0
0
0
1287150840
0
1283309480
2135818459
190468050
1121835789
0
1312514757
901139946
1039658279
1840681752
1520189675
1040967460
1745027981
0
0
167357890
855456795
1572233144
900705313
225037876
0
1759682938
1864003051
16492966
221911761
1543836436
0
0
1178402987
1991214018
713710607
743923676
139355863
0
0
0
787984695
1079786302
767364981
0
1799965939
1152873348
0
1436331200
0
1051044506
189948801
0
855784879
107331048
1665497583
0
175512373
1037951112
2020830805
807615322
0
1479017258
0
0
183973907
428432112
0
128750582
0
0
1382294937
1935055708
45618619
0
766753329
0
1206452249
0
0
0
2056280431
0
0
155479772
554620113
2049474058
1936282171
1988960038
1659800983
739157808
0
332040956
1536157379
1697698420
2078498203
2120788338
339862161
1786313058
198857235
268300074
0
0
1835999963
938654870
0
2113846384
0
590931528
1694917287
0
1546866691
1915810524
387846809
0
1644587607
1681280546
0
0
0
0
1689235715
1922662618
637845571
807923660
502728365
1019333722
1193750683
0
2136663755
221585972
2131485305
0
1081306079
0
1442058355
0
1290638793
2041432750
63855459
680927790
148578887
0
723700287
